myWalls
21
30 260 1 3
60 220 1 3
180 220 1 3
240 220 1 3
270 260 1 3
420 220 1 3
450 260 1 3
480 220 1 3
510 260 1 3
540 220 1 3
570 260 1 3
600 220 1 3
630 260 1 3
660 220 1 3
690 260 1 3
810 260 1 3
365 570 3 3
375 570 3 3
415 570 3 3
425 570 3 3
385 560 1 3
myHeros
1
287 156 0 3
myEnemys
1
163 78 1 1 3 1
myBullets
15
164 103 3 1 2
189 103 3 1 2
781 36 3 1 3
663 103 3 1 3
220 103 3 1 2
635 103 3 1 3
337 92 3 1 2
567 14 3 1 3
146 411 3 1 1
536 14 3 1 3
437 92 3 1 3
486 14 3 1 3
35 92 3 1 2
231 92 3 1 3
203 92 3 1 3
