myWalls
31
30 260 1 3
60 220 1 3
90 260 1 3
120 220 1 3
150 260 1 3
180 220 1 3
210 260 1 3
240 220 1 3
270 260 1 3
300 220 1 3
330 260 1 3
360 220 1 3
420 220 1 3
450 260 1 3
480 220 1 3
510 260 1 3
540 220 1 3
570 260 1 3
600 220 1 3
630 260 1 3
660 220 1 3
690 260 1 3
720 220 1 3
750 260 1 3
780 220 1 3
810 260 1 3
365 570 3 3
375 570 3 3
415 570 3 3
425 570 3 3
385 560 1 3
myHeros
1
200 570 0 0
myEnemys
3
0 0 1 1 0 1
439 33 1 1 3 1
770 21 1 1 1 1
myBullets
7
399 255 3 1 1
590 36 3 1 3
595 14 3 1 2
421 177 3 1 1
523 47 3 1 3
784 77 3 1 1
495 47 3 1 3
